11
30
13
23
33
11
30
13
23
33
11
30
13
23
33
11
30
13
23
33
11
30
13
23
33
11
30
13
23
33
11
30
13
23
33
11
30
13
23
33
11
30
13
23
33
11
30
13
23
33
11
30
13
23
33
11
30
13
23
33
11
30
13
23
33
11
30
13
23
33
11
30
13
23
33
11
30
13
23
33
11
30
13
23
33
11
30
13
23
33
11
30
13
23
33
11
30
13
23
33
11
30
13
23
33
11
30
13
23
33
11
30
13
23
33
11
30
13
23
33
11
30
13
23
33
11
30
13
23
33
11
30
13
23
33
11
30
13
23
33
11
30
13
23
33
11
30
13
23
33
11
30
13
23
33
11
30
13
23
33
11
30
13
23
33
11
30
13
23
33
11
30
13
23
33
11
30
13
23
33
11
30
13
23
33
11
30
13
23
33
11
30
13
23
33
11
30
13
23
33
11
30
13
23
33
11
30
13
23
33
11
30
13
23
33
11
30
13
23
33
11
30
13
23
33
11
30
13
23
33
11
30
13
23
33
11
30
13
23
33
11
30
13
23
33
11
30
13
23
33
