2
9
10
8
92
2
9
10
8
92
2
9
10
8
92
2
9
10
8
92
2
9
10
8
92
2
9
10
8
92
2
9
10
8
92
2
9
10
8
92
2
9
10
8
92
2
9
10
8
92
2
9
10
8
92
2
9
10
8
92
2
9
10
8
92
2
9
10
8
92
2
9
10
8
92
2
9
10
8
92
2
9
10
8
92
2
9
10
8
92
2
9
10
8
92
2
9
10
8
92
2
9
10
8
92
2
9
10
8
92
2
9
10
8
92
2
9
10
8
92
2
9
10
8
92
2
9
10
8
92
2
9
10
8
92
2
9
10
8
92
2
9
10
8
92
2
9
10
8
92
2
9
10
8
92
2
9
10
8
92
2
9
10
8
92
2
9
10
8
92
2
9
10
8
92
2
9
10
8
92
2
9
10
8
92
2
9
10
8
92
2
9
10
8
92
2
9
10
8
92
2
9
10
8
92
2
9
10
8
92
2
9
10
8
92
2
9
10
8
92
2
9
10
8
92
2
9
10
8
92
2
9
10
8
92
2
9
10
8
92
2
9
10
8
92
2
9
10
8
92
