3
1
83
43
80
11
4
9
2
84
3
1
83
43
80
11
4
9
2
84
3
1
83
43
80
11
4
9
2
84
3
1
83
43
80
11
4
9
2
84
3
1
83
43
80
11
4
9
2
84
3
1
83
43
80
11
4
9
2
84
3
1
83
43
80
11
4
9
2
84
3
1
83
43
80
11
4
9
2
84
3
1
83
43
80
11
4
9
2
84
3
1
83
43
80
11
4
9
2
84
3
1
83
43
80
11
4
9
2
84
3
1
83
43
80
11
4
9
2
84
3
1
83
43
80
11
4
9
2
84
3
1
83
43
80
11
4
9
2
84
3
1
83
43
80
11
4
9
2
84
3
1
83
43
80
11
4
9
2
84
3
1
83
43
80
11
4
9
2
84
3
1
83
43
80
11
4
9
2
84
3
1
83
43
80
11
4
9
2
84
3
1
83
43
80
11
4
9
2
84
3
1
83
43
80
11
4
9
2
84
3
1
83
43
80
11
4
9
2
84
3
1
83
43
80
11
4
9
2
84
3
1
83
43
80
11
4
9
2
84
3
1
83
43
80
11
4
9
2
84
3
1
83
43
80
11
4
9
2
84
3
1
83
43
80
11
4
9
2
84
3
1
83
43
80
11
4
9
2
84
3
1
83
43
80
11
4
9
2
84
3
1
83
43
80
11
4
9
2
84
3
1
83
43
80
11
4
9
2
84
3
1
83
43
80
11
4
9
2
84
3
1
83
43
80
11
4
9
2
84
3
1
83
43
80
11
4
9
2
84
3
1
83
43
80
11
4
9
2
84
3
1
83
43
80
11
4
9
2
84
3
1
83
43
80
11
4
9
2
84
3
1
83
43
80
11
4
9
2
84
3
1
83
43
80
11
4
9
2
84
3
1
83
43
80
11
4
9
2
84
3
1
83
43
80
11
4
9
2
84
3
1
83
43
80
11
4
9
2
84
3
1
83
43
80
11
4
9
2
84
3
1
83
43
80
11
4
9
2
84
3
1
83
43
80
11
4
9
2
84
3
1
83
43
80
11
4
9
2
84
3
1
83
43
80
11
4
9
2
84
3
1
83
43
80
11
4
9
2
84
3
1
83
43
80
11
4
9
2
84
3
1
83
43
80
11
4
9
2
84
